Period,Principle,Interest,Balance
0,23.86,31.88,8976.14
1,23.94,31.79,8952.2
2,24.03,31.71,8928.18
3,24.11,31.62,8904.07
4,24.2,31.54,8879.87
5,24.28,31.45,8855.59
6,24.37,31.36,8831.22
7,24.45,31.28,8806.77
8,24.54,31.19,8782.23
9,24.63,31.1,8757.6
10,24.71,31.02,8732.89
11,24.8,30.93,8708.08
12,24.89,30.84,8683.19
13,24.98,30.75,8658.22
14,25.07,30.66,8633.15
15,25.16,30.58,8607.99
16,25.24,30.49,8582.75
17,25.33,30.4,8557.42
18,25.42,30.31,8531.99
19,25.51,30.22,8506.48
20,25.6,30.13,8480.87
21,25.69,30.04,8455.18
22,25.79,29.95,8429.39
23,25.88,29.85,8403.52
24,25.97,29.76,8377.55
25,26.06,29.67,8351.49
26,26.15,29.58,8325.33
27,26.25,29.49,8299.09
28,26.34,29.39,8272.75
29,26.43,29.3,8246.32
30,26.53,29.21,8219.79
31,26.62,29.11,8193.17
32,26.71,29.02,8166.46
33,26.81,28.92,8139.65
34,26.9,28.83,8112.75
35,27.0,28.73,8085.75
36,27.09,28.64,8058.66
37,27.19,28.54,8031.47
38,27.29,28.44,8004.18
39,27.38,28.35,7976.8
40,27.48,28.25,7949.32
41,27.58,28.15,7921.74
42,27.67,28.06,7894.07
43,27.77,27.96,7866.29
44,27.87,27.86,7838.42
45,27.97,27.76,7810.45
46,28.07,27.66,7782.38
47,28.17,27.56,7754.21
48,28.27,27.46,7725.95
49,28.37,27.36,7697.58
50,28.47,27.26,7669.11
51,28.57,27.16,7640.54
52,28.67,27.06,7611.87
53,28.77,26.96,7583.1
54,28.87,26.86,7554.22
55,28.98,26.75,7525.24
56,29.08,26.65,7496.17
57,29.18,26.55,7466.98
58,29.29,26.45,7437.7
59,29.39,26.34,7408.31
60,29.49,26.24,7378.81
61,29.6,26.13,7349.22
62,29.7,26.03,7319.51
63,29.81,25.92,7289.71
64,29.91,25.82,7259.79
65,30.02,25.71,7229.77
66,30.13,25.61,7199.65
67,30.23,25.5,7169.42
68,30.34,25.39,7139.08
69,30.45,25.28,7108.63
70,30.55,25.18,7078.07
71,30.66,25.07,7047.41
72,30.77,24.96,7016.64
73,30.88,24.85,6985.76
74,30.99,24.74,6954.77
75,31.1,24.63,6923.67
76,31.21,24.52,6892.46
77,31.32,24.41,6861.14
78,31.43,24.3,6829.71
79,31.54,24.19,6798.17
80,31.65,24.08,6766.51
81,31.77,23.96,6734.75
82,31.88,23.85,6702.87
83,31.99,23.74,6670.88
84,32.11,23.63,6638.77
85,32.22,23.51,6606.55
86,32.33,23.4,6574.22
87,32.45,23.28,6541.77
88,32.56,23.17,6509.21
89,32.68,23.05,6476.53
90,32.79,22.94,6443.74
91,32.91,22.82,6410.83
92,33.03,22.71,6377.8
93,33.14,22.59,6344.66
94,33.26,22.47,6311.4
95,33.38,22.35,6278.02
96,33.5,22.23,6244.52
97,33.62,22.12,6210.91
98,33.73,22.0,6177.17
99,33.85,21.88,6143.32
100,33.97,21.76,6109.35
101,34.09,21.64,6075.25
102,34.21,21.52,6041.04
103,34.34,21.4,6006.7
104,34.46,21.27,5972.25
105,34.58,21.15,5937.67
106,34.7,21.03,5902.96
107,34.82,20.91,5868.14
108,34.95,20.78,5833.19
109,35.07,20.66,5798.12
110,35.2,20.54,5762.92
111,35.32,20.41,5727.6
112,35.45,20.29,5692.16
113,35.57,20.16,5656.59
114,35.7,20.03,5620.89
115,35.82,19.91,5585.06
116,35.95,19.78,5549.11
117,36.08,19.65,5513.04
118,36.21,19.53,5476.83
119,36.33,19.4,5440.5
120,36.46,19.27,5404.03
121,36.59,19.14,5367.44
122,36.72,19.01,5330.72
123,36.85,18.88,5293.87
124,36.98,18.75,5256.89
125,37.11,18.62,5219.77
126,37.24,18.49,5182.53
127,37.38,18.35,5145.15
128,37.51,18.22,5107.64
129,37.64,18.09,5070.0
130,37.77,17.96,5032.23
131,37.91,17.82,4994.32
132,38.04,17.69,4956.28
133,38.18,17.55,4918.1
134,38.31,17.42,4879.79
135,38.45,17.28,4841.34
136,38.58,17.15,4802.75
137,38.72,17.01,4764.03
138,38.86,16.87,4725.17
139,39.0,16.73,4686.18
140,39.13,16.6,4647.04
141,39.27,16.46,4607.77
142,39.41,16.32,4568.36
143,39.55,16.18,4528.81
144,39.69,16.04,4489.12
145,39.83,15.9,4449.28
146,39.97,15.76,4409.31
147,40.11,15.62,4369.19
148,40.26,15.47,4328.94
149,40.4,15.33,4288.54
150,40.54,15.19,4248.0
151,40.69,15.04,4207.31
152,40.83,14.9,4166.48
153,40.97,14.76,4125.5
154,41.12,14.61,4084.38
155,41.27,14.47,4043.12
156,41.41,14.32,4001.71
157,41.56,14.17,3960.15
158,41.71,14.03,3918.44
159,41.85,13.88,3876.59
160,42.0,13.73,3834.59
161,42.15,13.58,3792.44
162,42.3,13.43,3750.14
163,42.45,13.28,3707.69
164,42.6,13.13,3665.09
165,42.75,12.98,3622.34
166,42.9,12.83,3579.44
167,43.05,12.68,3536.38
168,43.21,12.52,3493.18
169,43.36,12.37,3449.82
170,43.51,12.22,3406.3
171,43.67,12.06,3362.64
172,43.82,11.91,3318.82
173,43.98,11.75,3274.84
174,44.13,11.6,3230.71
175,44.29,11.44,3186.42
176,44.45,11.29,3141.97
177,44.6,11.13,3097.37
178,44.76,10.97,3052.61
179,44.92,10.81,3007.69
180,45.08,10.65,2962.61
181,45.24,10.49,2917.37
182,45.4,10.33,2871.97
183,45.56,10.17,2826.41
184,45.72,10.01,2780.69
185,45.88,9.85,2734.81
186,46.05,9.69,2688.76
187,46.21,9.52,2642.55
188,46.37,9.36,2596.18
189,46.54,9.19,2549.65
190,46.7,9.03,2502.94
191,46.87,8.86,2456.08
192,47.03,8.7,2409.05
193,47.2,8.53,2361.85
194,47.37,8.36,2314.48
195,47.53,8.2,2266.95
196,47.7,8.03,2219.24
197,47.87,7.86,2171.37
198,48.04,7.69,2123.33
199,48.21,7.52,2075.12
200,48.38,7.35,2026.74
201,48.55,7.18,1978.19
202,48.73,7.01,1929.46
203,48.9,6.83,1880.56
204,49.07,6.66,1831.49
205,49.24,6.49,1782.25
206,49.42,6.31,1732.83
207,49.59,6.14,1683.23
208,49.77,5.96,1633.47
209,49.95,5.79,1583.52
210,50.12,5.61,1533.4
211,50.3,5.43,1483.1
212,50.48,5.25,1432.62
213,50.66,5.07,1381.96
214,50.84,4.89,1331.12
215,51.02,4.71,1280.11
216,51.2,4.53,1228.91
217,51.38,4.35,1177.53
218,51.56,4.17,1125.97
219,51.74,3.99,1074.23
220,51.93,3.8,1022.3
221,52.11,3.62,970.19
222,52.3,3.44,917.9
223,52.48,3.25,865.41
224,52.67,3.07,812.75
225,52.85,2.88,759.9
226,53.04,2.69,706.86
227,53.23,2.5,653.63
228,53.42,2.31,600.21
229,53.61,2.13,546.61
230,53.8,1.94,492.81
231,53.99,1.75,438.83
232,54.18,1.55,384.65
233,54.37,1.36,330.28
234,54.56,1.17,275.72
235,54.75,0.98,220.96
236,54.95,0.78,166.02
237,55.14,0.59,110.87
238,55.34,0.39,55.53
239,55.53,0.2,0.0
Total ,4375.46,9000.00
Monthly Repayment: ,,,55.73
Auto generated by Mortage Loan Calculator,,,,
